time pos_x pos_y 
0 0.0 0.0 
0.001 0.007071067811865475 0.0070710678118654745 
0.002 0.01414213562373095 0.01413232897373095 
0.003 0.021213203435596427 0.021183783485596425 
0.004 0.0282842712474619 0.028225431347461902 
0.005 0.035355339059327376 0.035257272559327375 
0.006 0.042426406871192854 0.04227930712119285 
0.007 0.04949747468305833 0.049291535033058324 
0.008 0.05656854249492381 0.0562939562949238 
0.009000000000000001 0.06363961030678929 0.06328657090678927 
0.010000000000000002 0.07071067811865477 0.07026937886865475 
0.011000000000000003 0.07778174593052024 0.07724238018052022 
0.012000000000000004 0.08485281374238572 0.0842055748423857 
0.013000000000000005 0.0919238815542512 0.09115896285425117 
0.014000000000000005 0.09899494936611668 0.09810254421611664 
0.015000000000000006 0.10606601717798216 0.10503631892798211 
0.016000000000000007 0.11313708498984763 0.11196028698984758 
0.017000000000000008 0.12020815280171311 0.11887444840171306 
0.01800000000000001 0.12727922061357858 0.12577880316357853 
0.01900000000000001 0.13435028842544405 0.13267335127544402 
0.02000000000000001 0.14142135623730953 0.1395580927373095 
0.02100000000000001 0.148492424049175 0.146433027549175 
0.022000000000000013 0.1555634918610405 0.1532981557110405 
0.023000000000000013 0.16263455967290597 0.160153477222906 
0.024000000000000014 0.16970562748477144 0.16699899208477148 
0.025000000000000015 0.17677669529663692 0.17383470029663695 
0.026000000000000016 0.1838477631085024 0.1806606018585024 
0.027000000000000017 0.19091883092036788 0.18747669677036788 
0.028000000000000018 0.19798989873223335 0.19428298503223335 
0.02900000000000002 0.20506096654409883 0.20107946664409881 
0.03000000000000002 0.2121320343559643 0.20786614160596428 
0.03100000000000002 0.2192031021678298 0.21464300991782975 
0.03200000000000002 0.22627416997969527 0.22141007157969522 
0.03300000000000002 0.23334523779156074 0.2281673265915607 
0.03400000000000002 0.24041630560342622 0.23491477495342616 
0.035000000000000024 0.2474873734152917 0.24165241666529164 
0.036000000000000025 0.25455844122715715 0.2483802517271571 
0.037000000000000026 0.2616295090390226 0.2550982801390226 
0.03800000000000003 0.26870057685088805 0.26180650190088806 
0.03900000000000003 0.2757716446627535 0.26850491701275353 
0.04000000000000003 0.28284271247461895 0.275193525474619 
0.04100000000000003 0.2899137802864844 0.2818723272864845 
0.04200000000000003 0.29698484809834985 0.28854132244834996 
0.04300000000000003 0.3040559159102153 0.29520051096021543 
0.04400000000000003 0.31112698372208075 0.3018498928220809 
0.04500000000000003 0.3181980515339462 0.3084894680339464 
0.046000000000000034 0.32526911934581165 0.31511923659581187 
0.047000000000000035 0.3323401871576771 0.32173919850767735 
0.048000000000000036 0.33941125496954255 0.32834935376954283 
0.04900000000000004 0.346482322781408 0.3349497023814083 
0.05000000000000004 0.35355339059327345 0.3415402443432738 
0.05100000000000004 0.3606244584051389 0.3481209796551393 
0.05200000000000004 0.36769552621700435 0.35469190831700476 
0.05300000000000004 0.3747665940288698 0.36125303032887024 
0.05400000000000004 0.38183766184073525 0.3678043456907357 
0.05500000000000004 0.3889087296526007 0.3743458544026012 
0.05600000000000004 0.39597979746446615 0.3808775564644667 
0.057000000000000044 0.4030508652763316 0.3873994518763322 
0.058000000000000045 0.41012193308819705 0.39391154063819767 
0.059000000000000045 0.4171930009000625 0.40041382275006315 
0.060000000000000046 0.42426406871192796 0.40690629821192864 
0.06100000000000005 0.4313351365237934 0.41338896702379413 
0.06200000000000005 0.43840620433565886 0.4198618291856596 
0.06300000000000004 0.4454772721475243 0.4263248846975251 
0.06400000000000004 0.45254833995938976 0.4327781335593906 
0.06500000000000004 0.4596194077712552 0.4392215757712561 
0.06600000000000004 0.46669047558312066 0.4456552113331216 
0.06700000000000005 0.4737615433949861 0.4520790402449871 
0.06800000000000005 0.48083261120685156 0.45849306250685257 
0.06900000000000005 0.487903679018717 0.46489727811871806 
0.07000000000000005 0.49497474683058246 0.47129168708058355 
0.07100000000000005 0.5020458146424479 0.47767628939244905 
0.07200000000000005 0.5091168824543134 0.48405108505431454 
0.07300000000000005 0.5161879502661789 0.49041607406618004 
0.07400000000000005 0.5232590180780444 0.49677125642804554 
0.07500000000000005 0.5303300858899099 0.503116632139911 
0.07600000000000005 0.5374011537017754 0.5094522012017765 
0.07700000000000005 0.5444722215136409 0.5157779636136419 
0.07800000000000006 0.5515432893255064 0.5220939193755074 
0.07900000000000006 0.558614357137372 0.5284000684873729 
0.08000000000000006 0.5656854249492375 0.5346964109492384 
0.08100000000000006 0.572756492761103 0.5409829467611038 
0.08200000000000006 0.5798275605729685 0.5472596759229693 
0.08300000000000006 0.586898628384834 0.5535265984348348 
0.08400000000000006 0.5939696961966995 0.5597837142967003 
0.08500000000000006 0.601040764008565 0.5660310235085657 
0.08600000000000006 0.6081118318204305 0.5722685260704312 
0.08700000000000006 0.615182899632296 0.5784962219822967 
0.08800000000000006 0.6222539674441615 0.5847141112441622 
0.08900000000000007 0.629325035256027 0.5909221938560276 
0.09000000000000007 0.6363961030678925 0.5971204698178931 
0.09100000000000007 0.643467170879758 0.6033089391297586 
0.09200000000000007 0.6505382386916235 0.6094876017916241 
0.09300000000000007 0.657609306503489 0.6156564578034895 
0.09400000000000007 0.6646803743153545 0.621815507165355 
0.09500000000000007 0.67175144212722 0.6279647498772205 
0.09600000000000007 0.6788225099390855 0.634104185939086 
0.09700000000000007 0.6858935777509511 0.6402338153509515 
0.09800000000000007 0.6929646455628166 0.646353638112817 
0.09900000000000007 0.7000357133746821 0.6524636542246824 
0.10000000000000007 0.7071067811865476 0.658563863686548 
0.10100000000000008 0.7141778489984131 0.6646542664984134 
0.10200000000000008 0.7212489168102786 0.6707348626602789 
0.10300000000000008 0.7283199846221441 0.6768056521721444 
0.10400000000000008 0.7353910524340096 0.6828666350340099 
0.10500000000000008 0.7424621202458751 0.6889178112458754 
0.10600000000000008 0.7495331880577406 0.6949591808077409 
0.10700000000000008 0.7566042558696061 0.7009907437196063 
0.10800000000000008 0.7636753236814716 0.7070124999814719 
0.10900000000000008 0.7707463914933371 0.7130244495933373 
0.11000000000000008 0.7778174593052026 0.7190265925552028 
0.11100000000000008 0.7848885271170681 0.7250189288670683 
0.11200000000000009 0.7919595949289336 0.7310014585289338 
0.11300000000000009 0.7990306627407991 0.7369741815407993 
0.11400000000000009 0.8061017305526647 0.7429370979026648 
0.11500000000000009 0.8131727983645302 0.7488902076145303 
0.11600000000000009 0.8202438661763957 0.7548335106763958 
0.11700000000000009 0.8273149339882612 0.7607670070882613 
0.11800000000000009 0.8343860018001267 0.7666906968501268 
0.11900000000000009 0.8414570696119922 0.7726045799619923 
0.12000000000000009 0.8485281374238577 0.7785086564238578 
0.1210000000000001 0.8555992052357232 0.7844029262357233 
0.1220000000000001 0.8626702730475887 0.7902873893975888 
0.1230000000000001 0.8697413408594542 0.7961620459094543 
0.1240000000000001 0.8768124086713197 0.8020268957713198 
0.12500000000000008 0.8838834764831852 0.8078819389831853 
0.12600000000000008 0.8909545442950507 0.8137271755450508 
0.12700000000000009 0.8980256121069162 0.8195626054569163 
0.12800000000000009 0.9050966799187817 0.8253882287187818 
0.1290000000000001 0.9121677477306472 0.8312040453306473 
0.1300000000000001 0.9192388155425127 0.8370100552925128 
0.1310000000000001 0.9263098833543782 0.8428062586043783 
0.1320000000000001 0.9333809511662438 0.8485926552662438 
0.1330000000000001 0.9404520189781093 0.8543692452781093 
0.1340000000000001 0.9475230867899748 0.8601360286399748 
0.1350000000000001 0.9545941546018403 0.8658930053518403 
0.1360000000000001 0.9616652224137058 0.8716401754137059 
0.1370000000000001 0.9687362902255713 0.8773775388255713 
0.1380000000000001 0.9758073580374368 0.8831050955874369 
0.1390000000000001 0.9828784258493023 0.8888228456993024 
0.1400000000000001 0.9899494936611678 0.8945307891611679 
0.1410000000000001 0.9970205614730333 0.9002289259730334 
0.1420000000000001 1.0040916292848987 0.9059172561348989 
0.1430000000000001 1.0111626970967642 0.9115957796467644 
0.1440000000000001 1.0182337649086297 0.91726449650863 
0.1450000000000001 1.0253048327204952 0.9229234067204954 
0.1460000000000001 1.0323759005323607 0.928572510282361 
0.1470000000000001 1.0394469683442262 0.9342118071942265 
0.1480000000000001 1.0465180361560917 0.939841297456092 
0.1490000000000001 1.0535891039679572 0.9454609810679575 
0.1500000000000001 1.0606601717798227 0.951070858029823 
0.1510000000000001 1.0677312395916883 0.9566709283416885 
0.1520000000000001 1.0748023074035538 0.9622611920035541 
0.1530000000000001 1.0818733752154193 0.9678416490154196 
0.1540000000000001 1.0889444430272848 0.9734122993772851 
0.1550000000000001 1.0960155108391503 0.9789731430891506 
0.1560000000000001 1.1030865786510158 0.9845241801510162 
0.1570000000000001 1.1101576464628813 0.9900654105628817 
0.1580000000000001 1.1172287142747468 0.9955968343247472 
0.1590000000000001 1.1242997820866123 1.0011184514366127 
0.16000000000000011 1.1313708498984778 1.0066302618984782 
0.16100000000000012 1.1384419177103433 1.0121322657103438 
0.16200000000000012 1.1455129855222088 1.0176244628722093 
0.16300000000000012 1.1525840533340743 1.0231068533840748 
0.16400000000000012 1.1596551211459398 1.0285794372459403 
0.16500000000000012 1.1667261889578053 1.0340422144578059 
0.16600000000000012 1.1737972567696708 1.0394951850196714 
0.16700000000000012 1.1808683245815363 1.044938348931537 
0.16800000000000012 1.1879393923934018 1.0503717061934024 
0.16900000000000012 1.1950104602052674 1.055795256805268 
0.17000000000000012 1.2020815280171329 1.0612090007671335 
0.17100000000000012 1.2091525958289984 1.066612938078999 
0.17200000000000013 1.2162236636408639 1.0720070687408645 
0.17300000000000013 1.2232947314527294 1.07739139275273 
0.17400000000000013 1.2303657992645949 1.0827659101145957 
0.17500000000000013 1.2374368670764604 1.0881306208264612 
0.17600000000000013 1.244507934888326 1.0934855248883266 
0.17700000000000013 1.2515790027001914 1.0988306223001922 
0.17800000000000013 1.258650070512057 1.1041659130620578 
0.17900000000000013 1.2657211383239224 1.1094913971739233 
0.18000000000000013 1.272792206135788 1.1148070746357888 
0.18100000000000013 1.2798632739476534 1.1201129454476542 
0.18200000000000013 1.286934341759519 1.1254090096095197 
0.18300000000000013 1.2940054095713844 1.1306952671213852 
0.18400000000000014 1.30107647738325 1.1359717179832507 
0.18500000000000014 1.3081475451951154 1.141238362195116 
0.18600000000000014 1.315218613006981 1.1464951997569817 
0.18700000000000014 1.3222896808188465 1.1517422306688472 
0.18800000000000014 1.329360748630712 1.1569794549307126 
0.18900000000000014 1.3364318164425775 1.162206872542578 
0.19000000000000014 1.343502884254443 1.1674244835044436 
0.19100000000000014 1.3505739520663085 1.1726322878163091 
0.19200000000000014 1.357645019878174 1.1778302854781746 
0.19300000000000014 1.3647160876900395 1.18301847649004 
0.19400000000000014 1.371787155501905 1.1881968608519056 
0.19500000000000015 1.3788582233137705 1.193365438563771 
0.19600000000000015 1.385929291125636 1.1985242096256365 
0.19700000000000015 1.3930003589375015 1.203673174037502 
0.19800000000000015 1.400071426749367 1.2088123317993675 
0.19900000000000015 1.4071424945612325 1.213941682911233 
0.20000000000000015 1.414213562373098 1.2190612273730985 
0.20100000000000015 1.4212846301849635 1.224170965184964 
0.20200000000000015 1.428355697996829 1.2292708963468295 
0.20300000000000015 1.4354267658086945 1.234361020858695 
0.20400000000000015 1.44249783362056 1.2394413387205605 
0.20500000000000015 1.4495689014324256 1.244511849932426 
0.20600000000000016 1.456639969244291 1.2495725544942915 
0.20700000000000016 1.4637110370561566 1.254623452406157 
0.20800000000000016 1.470782104868022 1.2596645436680225 
0.20900000000000016 1.4778531726798876 1.264695828279888 
0.21000000000000016 1.484924240491753 1.2697173062417535 
0.21100000000000016 1.4919953083036186 1.274728977553619 
0.21200000000000016 1.499066376115484 1.2797308422154845 
0.21300000000000016 1.5061374439273496 1.28472290022735 
0.21400000000000016 1.5132085117392151 1.2897051515892155 
0.21500000000000016 1.5202795795510806 1.294677596301081 
0.21600000000000016 1.5273506473629461 1.2996402343629465 
0.21700000000000016 1.5344217151748116 1.304593065774812 
0.21800000000000017 1.5414927829866771 1.3095360905366775 
0.21900000000000017 1.5485638507985426 1.314469308648543 
0.22000000000000017 1.5556349186104081 1.3193927201104085 
0.22100000000000017 1.5627059864222737 1.324306324922274 
0.22200000000000017 1.5697770542341392 1.3292101230841395 
0.22300000000000017 1.5768481220460047 1.334104114596005 
0.22400000000000017 1.5839191898578702 1.3389882994578706 
0.22500000000000017 1.5909902576697357 1.343862677669736 
0.22600000000000017 1.5980613254816012 1.3487272492316016 
0.22700000000000017 1.6051323932934667 1.3535820141434671 
0.22800000000000017 1.6122034611053322 1.3584269724053326 
0.22900000000000018 1.6192745289171977 1.363262124017198 
0.23000000000000018 1.6263455967290632 1.3680874689790636 
0.23100000000000018 1.6334166645409287 1.3729030072909292 
0.23200000000000018 1.6404877323527942 1.3777087389527947 
0.23300000000000018 1.6475588001646597 1.38250466396466 
0.23400000000000018 1.6546298679765252 1.3872907823265257 
0.23500000000000018 1.6617009357883907 1.3920670940383912 
0.23600000000000018 1.6687720036002562 1.3968335991002567 
0.23700000000000018 1.6758430714121217 1.4015902975121222 
0.23800000000000018 1.6829141392239872 1.4063371892739878 
0.23900000000000018 1.6899852070358528 1.4110742743858533 
0.24000000000000019 1.6970562748477183 1.4158015528477188 
0.2410000000000002 1.7041273426595838 1.4205190246595842 
0.2420000000000002 1.7111984104714493 1.4252266898214498 
0.2430000000000002 1.7182694782833148 1.4299245483333154 
0.2440000000000002 1.7253405460951803 1.4346126001951809 
0.2450000000000002 1.7324116139070458 1.4392908454070463 
0.2460000000000002 1.7394826817189113 1.443959283968912 
0.2470000000000002 1.7465537495307768 1.4486179158807775 
0.2480000000000002 1.7536248173426423 1.453266741142643 
0.2490000000000002 1.7606958851545078 1.4579057597545084 
0.25000000000000017 1.7677669529663733 1.462534971716374 
0.25100000000000017 1.7748380207782388 1.4671543770282396 
0.25200000000000017 1.7819090885901043 1.471763975690105 
0.25300000000000017 1.7889801564019698 1.4763637677019705 
0.25400000000000017 1.7960512242138353 1.4809537530638361 
0.25500000000000017 1.8031222920257008 1.4855339317757017 
0.25600000000000017 1.8101933598375664 1.4901043038375672 
0.2570000000000002 1.8172644276494319 1.4946648692494326 
0.2580000000000002 1.8243354954612974 1.4992156280112983 
0.2590000000000002 1.8314065632731629 1.5037565801231638 
0.2600000000000002 1.8384776310850284 1.5082877255850293 
0.2610000000000002 1.8455486988968939 1.5128090643968948 
0.2620000000000002 1.8526197667087594 1.5173205965587604 
0.2630000000000002 1.859690834520625 1.521822322070626 
0.2640000000000002 1.8667619023324904 1.5263142409324915 
0.2650000000000002 1.873832970144356 1.530796353144357 
0.2660000000000002 1.8809040379562214 1.5352686587062225 
0.2670000000000002 1.887975105768087 1.539731157618088 
0.2680000000000002 1.8950461735799524 1.5441838498799536 
0.2690000000000002 1.902117241391818 1.548626735491819 
0.2700000000000002 1.9091883092036834 1.5530598144536847 
0.2710000000000002 1.916259377015549 1.5574830867655503 
0.2720000000000002 1.9233304448274144 1.5618965524274158 
0.2730000000000002 1.93040151263928 1.5663002114392812 
0.2740000000000002 1.9374725804511455 1.5706940638011468 
0.2750000000000002 1.944543648263011 1.5750781095130124 
0.2760000000000002 1.9516147160748765 1.579452348574878 
0.2770000000000002 1.958685783886742 1.5838167809867434 
0.2780000000000002 1.9657568516986075 1.588171406748609 
0.2790000000000002 1.972827919510473 1.5925162258604746 
0.2800000000000002 1.9798989873223385 1.59685123832234 
0.2810000000000002 1.986970055134204 1.6011764441342056 
0.2820000000000002 1.9940411229460695 1.6054918432960712 
0.2830000000000002 2.001112190757935 1.6097974358079368 
0.2840000000000002 2.0081832585698 1.6140932216698023 
0.2850000000000002 2.0152543263816654 1.6183792008816678 
0.2860000000000002 2.0223253941935306 1.6226553734435334 
0.2870000000000002 2.029396462005396 1.626921739355399 
0.2880000000000002 2.036467529817261 1.6311782986172645 
0.2890000000000002 2.0435385976291265 1.63542505122913 
0.2900000000000002 2.0506096654409918 1.6396619971909956 
0.2910000000000002 2.057680733252857 1.6438891365028612 
0.2920000000000002 2.0647518010647223 1.6481064691647267 
0.2930000000000002 2.0718228688765876 1.6523139951765922 
0.2940000000000002 2.078893936688453 1.6565117145384578 
0.2950000000000002 2.085965004500318 1.6606996272503234 
0.2960000000000002 2.0930360723121835 1.664877733312189 
0.2970000000000002 2.1001071401240488 1.6690460327240544 
0.2980000000000002 2.107178207935914 1.67320452548592 
0.2990000000000002 2.1142492757477793 1.6773532115977856 
0.3000000000000002 2.1213203435596446 1.6814920910596511 
0.3010000000000002 2.12839141137151 1.6856211638715166 
0.3020000000000002 2.135462479183375 1.6897404300333823 
0.3030000000000002 2.1425335469952405 1.6938498895452478 
0.3040000000000002 2.1496046148071057 1.6979495424071134 
0.3050000000000002 2.156675682618971 1.7020393886189789 
0.3060000000000002 2.1637467504308363 1.7061194281808443 
0.3070000000000002 2.1708178182427016 1.7101896610927099 
0.3080000000000002 2.177888886054567 1.7142500873545754 
0.3090000000000002 2.184959953866432 1.7183007069664409 
0.3100000000000002 2.1920310216782974 1.7223415199283063 
0.3110000000000002 2.1991020894901627 1.726372526240172 
0.3120000000000002 2.206173157302028 1.7303937259020374 
0.3130000000000002 2.2132442251138933 1.734405118913903 
0.3140000000000002 2.2203152929257586 1.7384067052757683 
0.3150000000000002 2.227386360737624 1.742398484987634 
0.3160000000000002 2.234457428549489 1.7463804580494995 
0.3170000000000002 2.2415284963613544 1.750352624461365 
0.3180000000000002 2.2485995641732197 1.7543149842232304 
0.31900000000000023 2.255670631985085 1.758267537335096 
0.32000000000000023 2.2627416997969503 1.7622102837969615 
0.32100000000000023 2.2698127676088156 1.766143223608827 
0.32200000000000023 2.276883835420681 1.7700663567706925 
0.32300000000000023 2.283954903232546 1.773979683282558 
0.32400000000000023 2.2910259710444114 1.7778832031444236 
0.32500000000000023 2.2980970388562767 1.781776916356289 
0.32600000000000023 2.305168106668142 1.7856608229181545 
0.32700000000000023 2.3122391744800073 1.7895349228300201 
0.32800000000000024 2.3193102422918725 1.7933992160918857 
0.32900000000000024 2.326381310103738 1.7972537027037512 
0.33000000000000024 2.333452377915603 1.8010983826656166 
0.33100000000000024 2.3405234457274684 1.8049332559774822 
0.33200000000000024 2.3475945135393337 1.8087583226393478 
0.33300000000000024 2.354665581351199 1.8125735826512133 
0.33400000000000024 2.3617366491630642 1.8163790360130787 
0.33500000000000024 2.3688077169749295 1.8201746827249443 
0.33600000000000024 2.375878784786795 1.8239605227868099 
0.33700000000000024 2.38294985259866 1.8277365561986754 
0.33800000000000024 2.3900209204105254 1.8315027829605408 
0.33900000000000025 2.3970919882223907 1.8352592030724064 
0.34000000000000025 2.404163056034256 1.839005816534272 
0.34100000000000025 2.4112341238461212 1.8427426233461375 
0.34200000000000025 2.4183051916579865 1.846469623508003 
0.34300000000000025 2.425376259469852 1.8501868170198685 
0.34400000000000025 2.432447327281717 1.853894203881734 
0.34500000000000025 2.4395183950935824 1.8575917840935996 
0.34600000000000025 2.4465894629054477 1.861279557655465 
0.34700000000000025 2.453660530717313 1.8649575245673307 
0.34800000000000025 2.460731598529178 1.8686256848291962 
0.34900000000000025 2.4678026663410435 1.8722840384410617 
0.35000000000000026 2.474873734152909 1.8759325854029272 
0.35100000000000026 2.481944801964774 1.8795713257147928 
0.35200000000000026 2.4890158697766394 1.8832002593766584 
0.35300000000000026 2.4960869375885046 1.8868193863885239 
0.35400000000000026 2.50315800540037 1.8904287067503893 
0.35500000000000026 2.510229073212235 1.894028220462255 
0.35600000000000026 2.5173001410241005 1.8976179275241205 
0.35700000000000026 2.5243712088359658 1.901197827935986 
0.35800000000000026 2.531442276647831 1.9047679216978515 
0.35900000000000026 2.5385133444596963 1.908328208809717 
0.36000000000000026 2.5455844122715616 1.9118786892715827 
0.36100000000000027 2.552655480083427 1.9154193630834482 
0.36200000000000027 2.559726547895292 1.9189502302453136 
0.36300000000000027 2.5667976157071575 1.9224712907571793 
0.36400000000000027 2.5738686835190228 1.9259825446190448 
0.36500000000000027 2.580939751330888 1.9294839918309103 
0.36600000000000027 2.5880108191427533 1.9329756323927758 
0.36700000000000027 2.5950818869546186 1.9364574663046414 
0.36800000000000027 2.602152954766484 1.939929493566507 
0.36900000000000027 2.609224022578349 1.9433917141783725 
0.3700000000000003 2.6162950903902145 1.946844128140238 
0.3710000000000003 2.6233661582020797 1.9502867354521036 
0.3720000000000003 2.630437226013945 1.9537195361139692 
0.3730000000000003 2.6375082938258103 1.9571425301258347 
0.3740000000000003 2.6445793616376756 1.9605557174877002 
0.3750000000000003 2.651650429449541 1.9639590981995658 
0.3760000000000003 2.658721497261406 1.9673526722614314 
0.3770000000000003 2.6657925650732714 1.970736439673297 
0.3780000000000003 2.6728636328851367 1.9741104004351624 
0.3790000000000003 2.679934700697002 1.977474554547028 
0.3800000000000003 2.6870057685088673 1.9808289020088936 
0.3810000000000003 2.6940768363207326 1.9841734428207591 
0.3820000000000003 2.701147904132598 1.9875081769826246 
0.3830000000000003 2.708218971944463 1.9908331044944902 
0.3840000000000003 2.7152900397563284 1.9941482253563558 
0.3850000000000003 2.7223611075681937 1.9974535395682214 
0.3860000000000003 2.729432175380059 2.000749047130087 
0.3870000000000003 2.7365032431919243 2.0040347480419523 
0.3880000000000003 2.7435743110037896 2.0073106423038176 
0.3890000000000003 2.750645378815655 2.0105767299156834 
0.3900000000000003 2.75771644662752 2.013833010877549 
0.3910000000000003 2.7647875144393854 2.0170794851894147 
0.3920000000000003 2.7718585822512507 2.0203161528512803 
0.3930000000000003 2.778929650063116 2.023543013863146 
0.3940000000000003 2.7860007178749813 2.0267600682250113 
0.3950000000000003 2.7930717856868466 2.0299673159368767 
0.3960000000000003 2.800142853498712 2.033164756998742 
0.3970000000000003 2.807213921310577 2.036352391410608 
0.3980000000000003 2.8142849891224424 2.0395302191724736 
0.3990000000000003 2.8213560569343077 2.042698240284339 
0.4000000000000003 2.828427124746173 2.045856454746205 
0.4010000000000003 2.8354981925580383 2.0490048625580704 
0.4020000000000003 2.8425692603699035 2.052143463719936 
0.4030000000000003 2.849640328181769 2.0552722582318013 
0.4040000000000003 2.856711395993634 2.0583912460936666 
0.4050000000000003 2.8637824638054994 2.0615004273055324 
0.4060000000000003 2.8708535316173647 2.064599801867398 
0.4070000000000003 2.87792459942923 2.0676893697792638 
0.4080000000000003 2.8849956672410952 2.0707691310411294 
0.4090000000000003 2.8920667350529605 2.073839085652995 
0.4100000000000003 2.899137802864826 2.0768992336148604 
0.4110000000000003 2.906208870676691 2.079949574926726 
0.4120000000000003 2.9132799384885564 2.082990109588591 
0.4130000000000003 2.9203510063004217 2.086020837600457 
0.4140000000000003 2.927422074112287 2.0890417589623227 
0.4150000000000003 2.9344931419241522 2.0920528736741884 
0.4160000000000003 2.9415642097360175 2.095054181736054 
0.4170000000000003 2.948635277547883 2.0980456831479195 
0.4180000000000003 2.955706345359748 2.101027377909785 
0.4190000000000003 2.9627774131716134 2.1039992660216504 
0.4200000000000003 2.9698484809834786 2.106961347483516 
0.4210000000000003 2.976919548795344 2.1099136222953816 
0.4220000000000003 2.983990616607209 2.1128560904572473 
0.4230000000000003 2.9910616844190745 2.115788751969113 
0.4240000000000003 2.99813275223094 2.1187116068309786 
0.4250000000000003 3.005203820042805 2.121624655042844 
0.4260000000000003 3.0122748878546703 2.1245278966047096 
0.4270000000000003 3.0193459556665356 2.127421331516575 
0.4280000000000003 3.026417023478401 2.1303049597784405 
0.4290000000000003 3.033488091290266 2.1331787813903063 
0.4300000000000003 3.0405591591021315 2.136042796352172 
0.4310000000000003 3.0476302269139968 2.1388970046640376 
0.43200000000000033 3.054701294725862 2.1417414063259033 
0.43300000000000033 3.0617723625377273 2.144576001337769 
0.43400000000000033 3.0688434303495926 2.1474007896996343 
0.43500000000000033 3.075914498161458 2.1502157714114998 
0.43600000000000033 3.082985565973323 2.153020946473365 
0.43700000000000033 3.0900566337851885 2.1558163148852305 
0.43800000000000033 3.0971277015970538 2.1586018766470962 
0.43900000000000033 3.104198769408919 2.161377631758962 
0.44000000000000034 3.1112698372207843 2.1641435802208275 
0.44100000000000034 3.1183409050326496 2.166899722032693 
0.44200000000000034 3.125411972844515 2.1696460571945586 
0.44300000000000034 3.13248304065638 2.172382585706424 
0.44400000000000034 3.1395541084682455 2.1751093075682895 
0.44500000000000034 3.1466251762801107 2.177826222780155 
0.44600000000000034 3.153696244091976 2.1805333313420205 
0.44700000000000034 3.1607673119038413 2.183230633253886 
0.44800000000000034 3.1678383797157066 2.185918128515752 
0.44900000000000034 3.174909447527572 2.1885958171276174 
0.45000000000000034 3.181980515339437 2.191263699089483 
0.45100000000000035 3.1890515831513024 2.1939217744013484 
0.45200000000000035 3.1961226509631677 2.196570043063214 
0.45300000000000035 3.203193718775033 2.199208505075079 
0.45400000000000035 3.2102647865868983 2.201837160436945 
0.45500000000000035 3.2173358543987636 2.2044560091488106 
0.45600000000000035 3.224406922210629 2.207065051210676 
0.45700000000000035 3.231477990022494 2.2096642866225418 
0.45800000000000035 3.2385490578343594 2.2122537153844073 
0.45900000000000035 3.2456201256462247 2.2148333374962728 
0.46000000000000035 3.25269119345809 2.217403152958138 
0.46100000000000035 3.2597622612699553 2.2199631617700035 
0.46200000000000035 3.2668333290818206 2.2225133639318693 
0.46300000000000036 3.273904396893686 2.225053759443735 
0.46400000000000036 3.280975464705551 2.2275843483056006 
0.46500000000000036 3.2880465325174164 2.230105130517466 
0.46600000000000036 3.2951176003292817 2.2326161060793317 
0.46700000000000036 3.302188668141147 2.235117274991197 
0.46800000000000036 3.3092597359530123 2.2376086372530626 
0.46900000000000036 3.3163308037648775 2.240090192864928 
0.47000000000000036 3.323401871576743 2.2425619418267937 
0.47100000000000036 3.330472939388608 2.2450238841386594 
0.47200000000000036 3.3375440072004734 2.247476019800525 
0.47300000000000036 3.3446150750123387 2.2499183488123906 
0.47400000000000037 3.351686142824204 2.252350871174256 
0.47500000000000037 3.3587572106360692 2.2547735868861216 
0.47600000000000037 3.3658282784479345 2.257186495947987 
0.47700000000000037 3.3728993462598 2.2595895983598524 
0.47800000000000037 3.379970414071665 2.261982894121718 
0.47900000000000037 3.3870414818835304 2.264366383233584 
0.48000000000000037 3.3941125496953957 2.2667400656954495 
0.48100000000000037 3.401183617507261 2.269103941507315 
0.4820000000000004 3.4082546853191262 2.2714580106691806 
0.4830000000000004 3.4153257531309915 2.273802273181046 
0.4840000000000004 3.422396820942857 2.2761367290429115 
0.4850000000000004 3.429467888754722 2.278461378254777 
0.4860000000000004 3.4365389565665874 2.2807762208166427 
0.4870000000000004 3.4436100243784526 2.2830812567285084 
0.4880000000000004 3.450681092190318 2.285376485990374 
0.4890000000000004 3.457752160002183 2.2876619086022396 
0.4900000000000004 3.4648232278140485 2.289937524564105 
0.4910000000000004 3.471894295625914 2.2922033338759706 
0.4920000000000004 3.478965363437779 2.294459336537836 
0.4930000000000004 3.4860364312496444 2.2967055325497014 
0.4940000000000004 3.4931074990615096 2.298941921911567 
0.4950000000000004 3.500178566873375 2.301168504623433 
0.4960000000000004 3.50724963468524 2.3033852806852986 
0.4970000000000004 3.5143207024971055 2.305592250097164 
0.4980000000000004 3.5213917703089708 2.3077894128590297 
0.4990000000000004 3.528462838120836 2.309976768970895 
0.5000000000000003 3.5355339059327013 2.3121543184327606 
0.5010000000000003 3.5426049737445666 2.314322061244626 
0.5020000000000003 3.549676041556432 2.316479997406492 
0.5030000000000003 3.556747109368297 2.3186281269183575 
0.5040000000000003 3.5638181771801625 2.320766449780223 
0.5050000000000003 3.5708892449920278 2.322894965992089 
0.5060000000000003 3.577960312803893 2.3250136755539543 
0.5070000000000003 3.5850313806157583 2.32712257846582 
0.5080000000000003 3.5921024484276236 2.3292216747276853 
0.5090000000000003 3.599173516239489 2.3313109643395507 
0.5100000000000003 3.606244584051354 2.3333904473014164 
0.5110000000000003 3.6133156518632195 2.335460123613282 
0.5120000000000003 3.6203867196750847 2.337519993275148 
0.5130000000000003 3.62745778748695 2.3395700562870134 
0.5140000000000003 3.6345288552988153 2.341610312648879 
0.5150000000000003 3.6415999231106806 2.3436407623607445 
0.5160000000000003 3.648670990922546 2.34566140542261 
0.5170000000000003 3.655742058734411 2.3476722418344753 
0.5180000000000003 3.6628131265462764 2.349673271596341 
0.5190000000000003 3.6698841943581417 2.351664494708207 
0.5200000000000004 3.676955262170007 2.3536459111700725 
0.5210000000000004 3.6840263299818723 2.355617520981938 
0.5220000000000004 3.6910973977937376 2.3575793241438037 
0.5230000000000004 3.698168465605603 2.359531320655669 
0.5240000000000004 3.705239533417468 2.3614735105175346 
0.5250000000000004 3.7123106012293334 2.3634058937294 
0.5260000000000004 3.7193816690411987 2.365328470291266 
0.5270000000000004 3.726452736853064 2.3672412402031315 
0.5280000000000004 3.7335238046649293 2.369144203464997 
0.5290000000000004 3.7405948724767946 2.371037360076863 
0.5300000000000004 3.74766594028866 2.3729207100387284 
0.5310000000000004 3.754737008100525 2.374794253350594 
0.5320000000000004 3.7618080759123904 2.3766579900124594 
0.5330000000000004 3.7688791437242557 2.3785119200243248 
0.5340000000000004 3.775950211536121 2.3803560433861906 
0.5350000000000004 3.7830212793479863 2.3821903600980563 
0.5360000000000004 3.7900923471598515 2.384014870159922 
0.5370000000000004 3.797163414971717 2.3858295735717876 
0.5380000000000004 3.804234482783582 2.387634470333653 
0.5390000000000004 3.8113055505954474 2.3894295604455187 
0.5400000000000004 3.8183766184073127 2.391214843907384 
0.5410000000000004 3.825447686219178 2.3929903207192496 
0.5420000000000004 3.8325187540310433 2.3947559908811153 
0.5430000000000004 3.8395898218429085 2.396511854392981 
0.5440000000000004 3.846660889654774 2.3982579112548468 
0.5450000000000004 3.853731957466639 2.3999941614667124 
0.5460000000000004 3.8608030252785044 2.401720605028578 
0.5470000000000004 3.8678740930903697 2.4034372419404435 
0.5480000000000004 3.874945160902235 2.405144072202309 
0.5490000000000004 3.8820162287141002 2.4068410958141744 
0.5500000000000004 3.8890872965259655 2.4085283127760397 
0.5510000000000004 3.896158364337831 2.4102057230879055 
0.5520000000000004 3.903229432149696 2.411873326749771 
0.5530000000000004 3.9103004999615614 2.413531123761637 
0.5540000000000004 3.9173715677734267 2.4151791141235024 
0.5550000000000004 3.924442635585292 2.416817297835368 
0.5560000000000004 3.9315137033971572 2.4184456748972334 
0.5570000000000004 3.9385847712090225 2.420064245309099 
0.5580000000000004 3.945655839020888 2.421673009070964 
0.5590000000000004 3.952726906832753 2.42327196618283 
0.5600000000000004 3.9597979746446184 2.4248611166446956 
0.5610000000000004 3.9668690424564836 2.4264404604565613 
0.5620000000000004 3.973940110268349 2.428009997618427 
0.5630000000000004 3.981011178080214 2.4295697281302924 
0.5640000000000004 3.9880822458920795 2.431119651992158 
0.5650000000000004 3.9951533137039448 2.4326597692040233 
0.5660000000000004 4.00222438151581 2.4341900797658886 
0.5670000000000004 4.009295449327675 2.4357105836777544 
0.5680000000000004 4.016366517139541 2.43722128093962 
0.5690000000000004 4.023437584951406 2.4387221715514857 
0.5700000000000004 4.030508652763271 2.4402132555133513 
0.5710000000000004 4.0375797205751365 2.441694532825217 
0.5720000000000004 4.044650788387002 2.4431660034870823 
0.5730000000000004 4.051721856198867 2.4446276674989478 
0.5740000000000004 4.058792924010732 2.446079524860813 
0.5750000000000004 4.065863991822598 2.447521575572679 
0.5760000000000004 4.072935059634463 2.4489538196345446 
0.5770000000000004 4.080006127446328 2.4503762570464103 
0.5780000000000004 4.0870771952581935 2.451788887808276 
0.5790000000000004 4.094148263070059 2.4531917119201414 
0.5800000000000004 4.101219330881924 2.454584729382007 
0.5810000000000004 4.108290398693789 2.4559679401938723 
0.5820000000000004 4.115361466505655 2.4573413443557377 
0.5830000000000004 4.12243253431752 2.4587049418676035 
0.5840000000000004 4.129503602129385 2.460058732729469 
0.5850000000000004 4.1365746699412504 2.461402716941335 
0.5860000000000004 4.143645737753116 2.4627368945032004 
0.5870000000000004 4.150716805564981 2.464061265415066 
0.5880000000000004 4.157787873376846 2.4653758296769315 
0.5890000000000004 4.164858941188712 2.466680587288797 
0.5900000000000004 4.171930009000577 2.4679755382506623 
0.5910000000000004 4.179001076812442 2.469260682562528 
0.5920000000000004 4.186072144624307 2.470536020224394 
0.5930000000000004 4.193143212436173 2.4718015512362594 
0.5940000000000004 4.200214280248038 2.473057275598125 
0.5950000000000004 4.207285348059903 2.4743031933099906 
0.5960000000000004 4.214356415871769 2.475539304371856 
0.5970000000000004 4.221427483683634 2.4767656087837215 
0.5980000000000004 4.228498551495499 2.477982106545587 
0.5990000000000004 4.235569619307364 2.4791887976574527 
0.6000000000000004 4.24264068711923 2.4803856821193184 
0.6010000000000004 4.249711754931095 2.481572759931184 
0.6020000000000004 4.25678282274296 2.4827500310930497 
0.6030000000000004 4.2638538905548256 2.4839174956049153 
0.6040000000000004 4.270924958366691 2.4850751534667808 
0.6050000000000004 4.277996026178556 2.486223004678646 
0.6060000000000004 4.285067093990421 2.4873610492405116 
0.6070000000000004 4.292138161802287 2.4884892871523774 
0.6080000000000004 4.299209229614152 2.489607718414243 
0.6090000000000004 4.306280297426017 2.490716343026109 
0.6100000000000004 4.3133513652378825 2.4918151609879744 
0.6110000000000004 4.320422433049748 2.49290417229984 
0.6120000000000004 4.327493500861613 2.4939833769617055 
0.6130000000000004 4.334564568673478 2.495052774973571 
0.6140000000000004 4.341635636485344 2.4961123663354363 
0.6150000000000004 4.348706704297209 2.497162151047302 
0.6160000000000004 4.355777772109074 2.498202129109168 
0.6170000000000004 4.3628488399209395 2.4992323005210335 
0.6180000000000004 4.369919907732805 2.500252665282899 
0.6190000000000004 4.37699097554467 2.5012632233947647 
0.6200000000000004 4.384062043356535 2.50226397485663 
0.6210000000000004 4.391133111168401 2.5032549196684957 
0.6220000000000004 4.398204178980266 2.504236057830361 
0.6230000000000004 4.405275246792131 2.505207389342227 
0.6240000000000004 4.4123463146039965 2.5061689142040926 
0.6250000000000004 4.419417382415862 2.5071206324159583 
0.6260000000000004 4.426488450227727 2.508062543977824 
0.6270000000000004 4.433559518039592 2.5089946488896895 
0.6280000000000004 4.440630585851458 2.509916947151555 
0.6290000000000004 4.447701653663323 2.5108294387634205 
0.6300000000000004 4.454772721475188 2.511732123725286 
0.6310000000000004 4.4618437892870535 2.5126250020371512 
0.6320000000000005 4.468914857098919 2.513508073699017 
0.6330000000000005 4.475985924910784 2.5143813387108827 
0.6340000000000005 4.483056992722649 2.5152447970727483 
0.6350000000000005 4.490128060534515 2.516098448784614 
0.6360000000000005 4.49719912834638 2.5169422938464794 
0.6370000000000005 4.504270196158245 2.517776332258345 
0.6380000000000005 4.5113412639701105 2.5186005640202103 
0.6390000000000005 4.518412331781976 2.5194149891320756 
0.6400000000000005 4.525483399593841 2.5202196075939414 
0.6410000000000005 4.532554467405706 2.521014419405807 
0.6420000000000005 4.539625535217572 2.5217994245676727 
0.6430000000000005 4.546696603029437 2.5225746230795383 
0.6440000000000005 4.553767670841302 2.523340014941404 
0.6450000000000005 4.5608387386531675 2.5240956001532693 
0.6460000000000005 4.567909806465033 2.5248413787151347 
0.6470000000000005 4.574980874276898 2.525577350627 
0.6480000000000005 4.582051942088763 2.526303515888866 
0.6490000000000005 4.589123009900629 2.5270198745007315 
0.6500000000000005 4.596194077712494 2.527726426462597 
0.6510000000000005 4.603265145524359 2.5284231717744627 
0.6520000000000005 4.6103362133362245 2.5291101104363283 
0.6530000000000005 4.61740728114809 2.5297872424481938 
0.6540000000000005 4.624478348959955 2.530454567810059 
0.6550000000000005 4.63154941677182 2.5311120865219245 
0.6560000000000005 4.638620484583686 2.5317597985837903 
0.6570000000000005 4.645691552395551 2.532397703995656 
0.6580000000000005 4.652762620207416 2.5330258027575216 
0.6590000000000005 4.659833688019281 2.5336440948693872 
0.6600000000000005 4.666904755831147 2.534252580331253 
0.6610000000000005 4.673975823643012 2.5348512591431183 
0.6620000000000005 4.681046891454877 2.5354401313049837 
0.6630000000000005 4.688117959266743 2.536019196816849 
0.6640000000000005 4.695189027078608 2.536588455678715 
0.6650000000000005 4.702260094890473 2.5371479078905805 
0.6660000000000005 4.709331162702338 2.537697553452446 
0.6670000000000005 4.716402230514204 2.538237392364312 
0.6680000000000005 4.723473298326069 2.5387674246261773 
0.6690000000000005 4.730544366137934 2.539287650238043 
0.6700000000000005 4.7376154339498 2.5397980691999082 
0.6710000000000005 4.744686501761665 2.5402986815117736 
0.6720000000000005 4.75175756957353 2.5407894871736394 
0.6730000000000005 4.758828637385395 2.541270486185505 
0.6740000000000005 4.765899705197261 2.5417416785473708 
0.6750000000000005 4.772970773009126 2.5422030642592364 
0.6760000000000005 4.780041840820991 2.542654643321102 
0.6770000000000005 4.7871129086328565 2.5430964157329674 
0.6780000000000005 4.794183976444722 2.543528381494833 
0.6790000000000005 4.801255044256587 2.5439505406066982 
0.6800000000000005 4.808326112068452 2.544362893068564 
0.6810000000000005 4.815397179880318 2.5447654388804297 
0.6820000000000005 4.822468247692183 2.5451581780422954 
0.6830000000000005 4.829539315504048 2.545541110554161 
0.6840000000000005 4.8366103833159135 2.5459142364160265 
0.6850000000000005 4.843681451127779 2.546277555627892 
0.6860000000000005 4.850752518939644 2.5466310681897575 
0.6870000000000005 4.857823586751509 2.546974774101623 
0.6880000000000005 4.864894654563375 2.5473086733634887 
0.6890000000000005 4.87196572237524 2.5476327659753544 
0.6900000000000005 4.879036790187105 2.54794705193722 
0.6910000000000005 4.8861078579989705 2.5482515312490857 
0.6920000000000005 4.893178925810836 2.548546203910951 
0.6930000000000005 4.900249993622701 2.5488310699228167 
0.6940000000000005 4.907321061434566 2.549106129284682 
0.6950000000000005 4.914392129246432 2.5493713819965476 
0.6960000000000005 4.921463197058297 2.5496268280584133 
0.6970000000000005 4.928534264870162 2.549872467470279 
0.6980000000000005 4.9356053326820275 2.5501083002321447 
0.6990000000000005 4.942676400493893 2.5503343263440104 
0.7000000000000005 4.949747468305758 2.550550545805876 
0.7010000000000005 4.956818536117623 2.5507569586177414 
0.7020000000000005 4.963889603929489 2.550953564779607 
0.7030000000000005 4.970960671741354 2.5511403642914723 
0.7040000000000005 4.978031739553219 2.551317357153338 
0.7050000000000005 4.9851028073650845 2.551484543365204 
0.7060000000000005 4.99217387517695 2.5516419229270695 
0.7070000000000005 4.999244942988815 2.551789495838935 
0.7080000000000005 5.00631601080068 2.5519272621008007 
0.7090000000000005 5.013387078612546 2.552055221712666 
0.7100000000000005 5.020458146424411 2.5521733746745316 
0.7110000000000005 5.027529214236276 2.552281720986397 
0.7120000000000005 5.0346002820481415 2.5523802606482624 
0.7130000000000005 5.041671349860007 2.552468993660128 
0.7140000000000005 5.048742417671872 2.552547920021994 
0.7150000000000005 5.055813485483737 2.5526170397338594 
0.7160000000000005 5.062884553295603 2.552676352795725 
0.7170000000000005 5.069955621107468 2.5527258592075905 
0.7180000000000005 5.077026688919333 2.552765558969456 
0.7190000000000005 5.0840977567311985 2.5527954520813214 
0.7200000000000005 5.091168824543064 2.5528155385431868 
0.7210000000000005 5.098239892354929 2.5528258183550525 
0.7220000000000005 5.105310960166794 2.552826291516918 
0.7230000000000005 5.11238202797866 2.552816958028784 
0.7240000000000005 5.119453095790525 2.5527978178906494 
0.7250000000000005 5.12652416360239 2.552768871102515 
0.7260000000000005 5.1335952314142554 2.5527301176643804 
0.7270000000000005 5.140666299226121 2.552681557576246 
0.7280000000000005 5.147737367037986 2.552623190838111 
0.7290000000000005 5.154808434849851 2.552555017449977 
0.7300000000000005 5.161879502661717 2.5524770374118426 
0.7310000000000005 5.168950570473582 2.5523892507237083 
0.7320000000000005 5.176021638285447 2.552291657385574 
0.7330000000000005 5.183092706097312 2.5521842573974394 
0.7340000000000005 5.190163773909178 2.552067050759305 
0.7350000000000005 5.197234841721043 2.5519400374711703 
0.7360000000000005 5.204305909532908 2.5518032175330356 
0.7370000000000005 5.211376977344774 2.5516565909449014 
0.7380000000000005 5.218448045156639 2.551500157706767 
0.7390000000000005 5.225519112968504 2.5513339178186327 
0.7400000000000005 5.232590180780369 2.5511578712804983 
0.7410000000000005 5.239661248592235 2.550972018092364 
0.7420000000000005 5.2467323164041 2.5507763582542293 
0.7430000000000005 5.253803384215965 2.5505708917660947 
0.7440000000000005 5.2608744520278306 2.55035561862796 
0.7450000000000006 5.267945519839696 2.550130538839826 
0.7460000000000006 5.275016587651561 2.5498956524016916 
0.7470000000000006 5.282087655463426 2.5496509593135572 
0.7480000000000006 5.289158723275292 2.549396459575423 
0.7490000000000006 5.296229791087157 2.5491321531872884 
0.7500000000000006 5.303300858899022 2.548858040149154 
0.7510000000000006 5.3103719267108875 2.5485741204610193 
0.7520000000000006 5.317442994522753 2.5482803941228847 
0.7530000000000006 5.324514062334618 2.5479768611347504 
0.7540000000000006 5.331585130146483 2.547663521496616 
0.7550000000000006 5.338656197958349 2.5473403752084818 
0.7560000000000006 5.345727265770214 2.5470074222703474 
0.7570000000000006 5.352798333582079 2.546664662682213 
0.7580000000000006 5.3598694013939445 2.5463120964440784 
0.7590000000000006 5.36694046920581 2.545949723555944 
0.7600000000000006 5.374011537017675 2.5455775440178092 
0.7610000000000006 5.38108260482954 2.545195557829675 
0.7620000000000006 5.388153672641406 2.5448037649915407 
0.7630000000000006 5.395224740453271 2.5444021655034064 
0.7640000000000006 5.402295808265136 2.543990759365272 
0.7650000000000006 5.4093668760770015 2.5435695465771375 
0.7660000000000006 5.416437943888867 2.543138527139003 
0.7670000000000006 5.423509011700732 2.5426977010508685 
0.7680000000000006 5.430580079512597 2.542247068312734 
0.7690000000000006 5.437651147324463 2.5417866289245996 
0.7700000000000006 5.444722215136328 2.5413163828864653 
0.7710000000000006 5.451793282948193 2.540836330198331 
0.7720000000000006 5.4588643507600585 2.5403464708601966 
0.7730000000000006 5.465935418571924 2.539846804872062 
0.7740000000000006 5.473006486383789 2.5393373322339277 
0.7750000000000006 5.480077554195654 2.538818052945793 
0.7760000000000006 5.48714862200752 2.5382889670076585 
0.7770000000000006 5.494219689819385 2.5377500744195243 
0.7780000000000006 5.50129075763125 2.53720137518139 
0.7790000000000006 5.5083618254431155 2.5366428692932557 
0.7800000000000006 5.515432893254981 2.5360745567551213 
0.7810000000000006 5.522503961066846 2.535496437566987 
0.7820000000000006 5.529575028878711 2.5349085117288523 
0.7830000000000006 5.536646096690577 2.534310779240718 
0.7840000000000006 5.543717164502442 2.533703240102583 
0.7850000000000006 5.550788232314307 2.533085894314449 
0.7860000000000006 5.5578593001261725 2.5324587418763147 
0.7870000000000006 5.564930367938038 2.5318217827881804 
0.7880000000000006 5.572001435749903 2.531175017050046 
0.7890000000000006 5.579072503561768 2.5305184446619116 
0.7900000000000006 5.586143571373634 2.529852065623777 
0.7910000000000006 5.593214639185499 2.5291758799356425 
0.7920000000000006 5.600285706997364 2.528489887597508 
0.7930000000000006 5.6073567748092294 2.5277940886093737 
0.7940000000000006 5.614427842621095 2.5270884829712394 
0.7950000000000006 5.62149891043296 2.526373070683105 
0.7960000000000006 5.628569978244825 2.5256478517449708 
0.7970000000000006 5.635641046056691 2.5249128261568363 
0.7980000000000006 5.642712113868556 2.524167993918702 
0.7990000000000006 5.649783181680421 2.5234133550305673 
0.8000000000000006 5.656854249492286 2.5226489094924327 
0.8010000000000006 5.663925317304152 2.521874657304298 
0.8020000000000006 5.670996385116017 2.521090598466164 
0.8030000000000006 5.678067452927882 2.5202967329780295 
0.8040000000000006 5.685138520739748 2.519493060839895 
0.8050000000000006 5.692209588551613 2.5186795820517607 
0.8060000000000006 5.699280656363478 2.517856296613626 
0.8070000000000006 5.706351724175343 2.5170232045254917 
0.8080000000000006 5.713422791987209 2.516180305787357 
0.8090000000000006 5.720493859799074 2.5153276003992224 
0.8100000000000006 5.727564927610939 2.514465088361088 
0.8110000000000006 5.7346359954228046 2.513592769672954 
0.8120000000000006 5.74170706323467 2.5127106443348195 
0.8130000000000006 5.748778131046535 2.511818712346685 
0.8140000000000006 5.7558491988584 2.5109169737085506 
0.8150000000000006 5.762920266670266 2.510005428420416 
0.8160000000000006 5.769991334482131 2.5090840764822815 
0.8170000000000006 5.777062402293996 2.508152917894147 
0.8180000000000006 5.7841334701058615 2.5072119526560126 
0.8190000000000006 5.791204537917727 2.5062611807678783 
0.8200000000000006 5.798275605729592 2.505300602229744 
0.8210000000000006 5.805346673541457 2.5043302170416095 
0.8220000000000006 5.812417741353323 2.503350025203475 
0.8230000000000006 5.819488809165188 2.5023600267153405 
0.8240000000000006 5.826559876977053 2.501360221577206 
0.8250000000000006 5.8336309447889185 2.5003506097890713 
0.8260000000000006 5.840702012600784 2.499331191350937 
0.8270000000000006 5.847773080412649 2.4983019662628028 
0.8280000000000006 5.854844148224514 2.4972629345246684 
0.8290000000000006 5.86191521603638 2.496214096136534 
0.8300000000000006 5.868986283848245 2.4951554510983995 
0.8310000000000006 5.87605735166011 2.494086999410265 
0.8320000000000006 5.8831284194719755 2.4930087410721304 
0.8330000000000006 5.890199487283841 2.491920676083996 
0.8340000000000006 5.897270555095706 2.4908228044458616 
0.8350000000000006 5.904341622907571 2.4897151261577273 
0.8360000000000006 5.911412690719437 2.488597641219593 
0.8370000000000006 5.918483758531302 2.4874703496314585 
0.8380000000000006 5.925554826343167 2.486333251393324 
0.8390000000000006 5.9326258941550325 2.4851863465051895 
0.8400000000000006 5.939696961966898 2.484029634967055 
0.8410000000000006 5.946768029778763 2.4828631167789204 
0.8420000000000006 5.953839097590628 2.481686791940786 
0.8430000000000006 5.960910165402494 2.480500660452652 
0.8440000000000006 5.967981233214359 2.4793047223145175 
0.8450000000000006 5.975052301026224 2.478098977526383 
0.8460000000000006 5.9821233688380895 2.4768834260882486 
0.8470000000000006 5.989194436649955 2.475658068000114 
0.8480000000000006 5.99626550446182 2.4744229032619796 
0.8490000000000006 6.003336572273685 2.473177931873845 
0.8500000000000006 6.010407640085551 2.4719231538357107 
0.8510000000000006 6.017478707897416 2.4706585691475764 
0.8520000000000006 6.024549775709281 2.469384177809442 
0.8530000000000006 6.0316208435211465 2.4680999798213077 
0.8540000000000006 6.038691911333012 2.4668059751831732 
0.8550000000000006 6.045762979144877 2.4655021638950387 
0.8560000000000006 6.052834046956742 2.464188545956904 
0.8570000000000007 6.059905114768608 2.4628651213687696 
0.8580000000000007 6.066976182580473 2.4615318901306353 
0.8590000000000007 6.074047250392338 2.460188852242501 
0.8600000000000007 6.0811183182042035 2.4588360077043667 
0.8610000000000007 6.088189386016069 2.4574733565162323 
0.8620000000000007 6.095260453827934 2.456100898678098 
0.8630000000000007 6.102331521639799 2.4547186341899634 
0.8640000000000007 6.109402589451665 2.453326563051829 
0.8650000000000007 6.11647365726353 2.4519246852636942 
0.8660000000000007 6.123544725075395 2.45051300082556 
0.8670000000000007 6.13061579288726 2.4490915097374257 
0.8680000000000007 6.137686860699126 2.4476602119992914 
0.8690000000000007 6.144757928510991 2.446219107611157 
0.8700000000000007 6.151828996322856 2.4447681965730226 
0.8710000000000007 6.158900064134722 2.443307478884888 
0.8720000000000007 6.165971131946587 2.4418369545467535 
0.8730000000000007 6.173042199758452 2.440356623558619 
0.8740000000000007 6.180113267570317 2.4388664859204847 
0.8750000000000007 6.187184335382183 2.4373665416323504 
0.8760000000000007 6.194255403194048 2.435856790694216 
0.8770000000000007 6.201326471005913 2.4343372331060817 
0.8780000000000007 6.208397538817779 2.4328078688679473 
0.8790000000000007 6.215468606629644 2.431268697979813 
0.8800000000000007 6.222539674441509 2.4297197204416783 
0.8810000000000007 6.229610742253374 2.4281609362535437 
0.8820000000000007 6.23668181006524 2.426592345415409 
0.8830000000000007 6.243752877877105 2.4250139479272748 
0.8840000000000007 6.25082394568897 2.4234257437891404 
0.8850000000000007 6.2578950135008355 2.421827733001006 
0.8860000000000007 6.264966081312701 2.4202199155628716 
0.8870000000000007 6.272037149124566 2.418602291474737 
0.8880000000000007 6.279108216936431 2.4169748607366026 
0.8890000000000007 6.286179284748297 2.415337623348468 
0.8900000000000007 6.293250352560162 2.4136905793103334 
0.8910000000000007 6.300321420372027 2.412033728622199 
0.8920000000000007 6.3073924881838925 2.410367071284065 
0.8930000000000007 6.314463555995758 2.4086906072959304 
0.8940000000000007 6.321534623807623 2.407004336657796 
0.8950000000000007 6.328605691619488 2.4053082593696615 
0.8960000000000007 6.335676759431354 2.403602375431527 
0.8970000000000007 6.342747827243219 2.4018866848433924 
0.8980000000000007 6.349818895055084 2.4001611876052578 
0.8990000000000007 6.3568899628669495 2.3984258837171235 
0.9000000000000007 6.363961030678815 2.396680773178989 
0.9010000000000007 6.37103209849068 2.394925855990855 
0.9020000000000007 6.378103166302545 2.3931611321527204 
0.9030000000000007 6.385174234114411 2.391386601664586 
0.9040000000000007 6.392245301926276 2.3896022645264514 
0.9050000000000007 6.399316369738141 2.387808120738317 
0.9060000000000007 6.4063874375500065 2.386004170300182 
0.9070000000000007 6.413458505361872 2.384190413212048 
0.9080000000000007 6.420529573173737 2.3823668494739136 
0.9090000000000007 6.427600640985602 2.3805334790857793 
0.9100000000000007 6.434671708797468 2.378690302047645 
0.9110000000000007 6.441742776609333 2.3768373183595104 
0.9120000000000007 6.448813844421198 2.374974528021376 
0.9130000000000007 6.4558849122330635 2.3731019310332413 
0.9140000000000007 6.462955980044929 2.3712195273951067 
0.9150000000000007 6.470027047856794 2.3693273171069724 
0.9160000000000007 6.477098115668659 2.367425300168838 
0.9170000000000007 6.484169183480525 2.3655134765807038 
0.9180000000000007 6.49124025129239 2.3635918463425694 
0.9190000000000007 6.498311319104255 2.361660409454435 
0.9200000000000007 6.5053823869161205 2.3597191659163004 
0.9210000000000007 6.512453454727986 2.357768115728166 
0.9220000000000007 6.519524522539851 2.355807258890031 
0.9230000000000007 6.526595590351716 2.353836595401897 
0.9240000000000007 6.533666658163582 2.3518561252637626 
0.9250000000000007 6.540737725975447 2.3498658484756283 
0.9260000000000007 6.547808793787312 2.347865765037494 
0.9270000000000007 6.5548798615991775 2.3458558749493594 
0.9280000000000007 6.561950929411043 2.343836178211225 
0.9290000000000007 6.569021997222908 2.3418066748230904 
0.9300000000000007 6.576093065034773 2.3397673647849557 
0.9310000000000007 6.583164132846639 2.3377182480968215 
0.9320000000000007 6.590235200658504 2.335659324758687 
0.9330000000000007 6.597306268470369 2.333590594770553 
0.9340000000000007 6.6043773362822344 2.3315120581324185 
0.9350000000000007 6.6114484040941 2.329423714844284 
0.9360000000000007 6.618519471905965 2.3273255649061495 
0.9370000000000007 6.62559053971783 2.325217608318015 
0.9380000000000007 6.632661607529696 2.3230998450798803 
0.9390000000000007 6.639732675341561 2.320972275191746 
0.9400000000000007 6.646803743153426 2.318834898653612 
0.9410000000000007 6.653874810965291 2.3166877154654775 
0.9420000000000007 6.660945878777157 2.314530725627343 
0.9430000000000007 6.668016946589022 2.3123639291392086 
0.9440000000000007 6.675088014400887 2.310187326001074 
0.9450000000000007 6.682159082212753 2.3080009162129396 
0.9460000000000007 6.689230150024618 2.305804699774805 
0.9470000000000007 6.696301217836483 2.3035986766866707 
0.9480000000000007 6.703372285648348 2.3013828469485365 
0.9490000000000007 6.710443353460214 2.299157210560402 
0.9500000000000007 6.717514421272079 2.2969217675222677 
0.9510000000000007 6.724585489083944 2.2946765178341333 
0.9520000000000007 6.7316565568958096 2.292421461495999 
0.9530000000000007 6.738727624707675 2.2901565985078642 
0.9540000000000007 6.74579869251954 2.2878819288697296 
0.9550000000000007 6.752869760331405 2.2855974525815954 
0.9560000000000007 6.759940828143271 2.283303169643461 
0.9570000000000007 6.767011895955136 2.280999080055327 
0.9580000000000007 6.774082963767001 2.2786851838171924 
0.9590000000000007 6.7811540315788665 2.276361480929058 
0.9600000000000007 6.788225099390732 2.2740279713909235 
0.9610000000000007 6.795296167202597 2.271684655202789 
0.9620000000000007 6.802367235014462 2.2693315323646543 
0.9630000000000007 6.809438302826328 2.26696860287652 
0.9640000000000007 6.816509370638193 2.264595866738386 
0.9650000000000007 6.823580438450058 2.2622133239502515 
0.9660000000000007 6.8306515062619235 2.259820974512117 
0.9670000000000007 6.837722574073789 2.2574188184239827 
0.9680000000000007 6.844793641885654 2.2550068556858482 
0.9690000000000007 6.851864709697519 2.2525850862977137 
0.9700000000000008 6.858935777509385 2.250153510259579 
0.9710000000000008 6.86600684532125 2.247712127571445 
0.9720000000000008 6.873077913133115 2.2452609382333106 
0.9730000000000008 6.8801489809449805 2.2427999422451763 
0.9740000000000008 6.887220048756846 2.240329139607042 
0.9750000000000008 6.894291116568711 2.2378485303189075 
0.9760000000000008 6.901362184380576 2.235358114380773 
0.9770000000000008 6.908433252192442 2.2328578917926385 
0.9780000000000008 6.915504320004307 2.230347862554504 
0.9790000000000008 6.922575387816172 2.2278280266663697 
0.9800000000000008 6.9296464556280375 2.2252983841282354 
0.9810000000000008 6.936717523439903 2.222758934940101 
0.9820000000000008 6.943788591251768 2.2202096791019668 
0.9830000000000008 6.950859659063633 2.2176506166138323 
0.9840000000000008 6.957930726875499 2.215081747475698 
0.9850000000000008 6.965001794687364 2.2125030716875633 
0.9860000000000008 6.972072862499229 2.2099145892494287 
0.9870000000000008 6.9791439303110945 2.207316300161294 
0.9880000000000008 6.98621499812296 2.20470820442316 
0.9890000000000008 6.993286065934825 2.2020903020350255 
0.9900000000000008 7.00035713374669 2.199462592996891 
0.9910000000000008 7.007428201558556 2.1968250773087568 
0.9920000000000008 7.014499269370421 2.1941777549706223 
0.9930000000000008 7.021570337182286 2.1915206259824878 
0.9940000000000008 7.0286414049941515 2.188853690344353 
0.9950000000000008 7.035712472806017 2.1861769480562185 
0.9960000000000008 7.042783540617882 2.1834903991180843 
0.9970000000000008 7.049854608429747 2.18079404352995 
0.9980000000000008 7.056925676241613 2.1780878812918156 
0.9990000000000008 7.063996744053478 2.175371912403681 
1.0000000000000007 7.071067811865343 2.1726461368655468 
1.0010000000000006 7.0781388796772085 2.1699105546774122 
1.0020000000000004 7.085209947489074 2.1671651658392777 
1.0030000000000003 7.092281015300939 2.164409970351143 
1.0040000000000002 7.099352083112804 2.1616449682130088 
1.0050000000000001 7.10642315092467 2.1588701594248745 
1.006 7.113494218736535 2.15608554398674 
1.007 7.1205652865484 2.1532911218986057 
1.0079999999999998 7.127636354360265 2.1504868931604713 
1.0089999999999997 7.134707422172131 2.1476728577723367 
1.0099999999999996 7.141778489983996 2.144849015734202 
1.0109999999999995 7.148849557795861 2.1420153670460675 
1.0119999999999993 7.155920625607727 2.1391719117079333 
1.0129999999999992 7.162991693419592 2.136318649719799 
1.0139999999999991 7.170062761231457 2.1334555810816647 
1.014999999999999 7.177133829043322 2.1305827057935303 
1.015999999999999 7.184204896855188 2.127700023855396 
1.0169999999999988 7.191275964667053 2.1248075352672613 
1.0179999999999987 7.198347032478918 2.1219052400291267 
1.0189999999999986 7.205418100290784 2.118993138140992 
1.0199999999999985 7.212489168102649 2.116071229602858 
1.0209999999999984 7.219560235914514 2.1131395144147236 
1.0219999999999982 7.226631303726379 2.1101979925765892 
1.0229999999999981 7.233702371538245 2.107246664088455 
1.023999999999998 7.24077343935011 2.1042855289503204 
1.024999999999998 7.247844507161975 2.101314587162186 
1.0259999999999978 7.2549155749738405 2.0983338387240513 
1.0269999999999977 7.261986642785706 2.0953432836359167 
1.0279999999999976 7.269057710597571 2.0923429218977825 
1.0289999999999975 7.276128778409436 2.089332753509648 
1.0299999999999974 7.283199846221302 2.086312778471514 
1.0309999999999973 7.290270914033167 2.0832829967833795 
1.0319999999999971 7.297341981845032 2.080243408445245 
1.032999999999997 7.3044130496568975 2.0771940134571105 
1.033999999999997 7.311484117468763 2.074134811818976 
1.0349999999999968 7.318555185280628 2.0710658035308414 
1.0359999999999967 7.325626253092493 2.067986988592707 
1.0369999999999966 7.332697320904359 2.064898367004573 
1.0379999999999965 7.339768388716224 2.0617999387664385 
1.0389999999999964 7.346839456528089 2.058691703878304 
1.0399999999999963 7.3539105243399545 2.0555736623401697 
1.0409999999999962 7.36098159215182 2.052445814152035 
1.041999999999996 7.368052659963685 2.0493081593139006 
1.042999999999996 7.37512372777555 2.046160697825766 
1.0439999999999958 7.382194795587416 2.043003429687632 
1.0449999999999957 7.389265863399281 2.0398363548994976 
1.0459999999999956 7.396336931211146 2.0366594734613632 
1.0469999999999955 7.4034079990230115 2.033472785373229 
1.0479999999999954 7.410479066834877 2.0302762906350944 
1.0489999999999953 7.417550134646742 2.02706998924696 
1.0499999999999952 7.424621202458607 2.0238538812088254 
1.050999999999995 7.431692270270473 2.0206279665206908 
1.051999999999995 7.438763338082338 2.0173922451825566 
1.0529999999999948 7.445834405894203 2.0141467171944223 
1.0539999999999947 7.4529054737060685 2.010891382556288 
1.0549999999999946 7.459976541517934 2.0076262412681536 
1.0559999999999945 7.467047609329799 2.004351293330019 
1.0569999999999944 7.474118677141664 2.0010665387418847 
1.0579999999999943 7.48118974495353 1.9977719775037504 
1.0589999999999942 7.488260812765395 1.994467609615616 
1.059999999999994 7.49533188057726 1.9911534350774815 
1.060999999999994 7.5024029483891255 1.987829453889347 
1.0619999999999938 7.509474016200991 1.9844956660512127 
1.0629999999999937 7.516545084012856 1.9811520715630784 
1.0639999999999936 7.523616151824721 1.977798670424944 
1.0649999999999935 7.530687219636587 1.9744354626368095 
1.0659999999999934 7.537758287448452 1.9710624481986752 
1.0669999999999933 7.544829355260317 1.9676796271105408 
1.0679999999999932 7.5519004230721825 1.9642869993724064 
1.068999999999993 7.558971490884048 1.9608845649842719 
1.069999999999993 7.566042558695913 1.9574723239461376 
1.0709999999999928 7.573113626507778 1.9540502762580032 
1.0719999999999927 7.580184694319644 1.9506184219198688 
1.0729999999999926 7.587255762131509 1.9471767609317343 
1.0739999999999925 7.594326829943374 1.9437252932936 
1.0749999999999924 7.601397897755239 1.9402640190054656 
1.0759999999999923 7.608468965567105 1.9367929380673312 
1.0769999999999922 7.61554003337897 1.9333120504791967 
1.077999999999992 7.622611101190835 1.9298213562410624 
1.078999999999992 7.629682169002701 1.926320855352928 
1.0799999999999919 7.636753236814566 1.9228105478147937 
1.0809999999999917 7.643824304626431 1.9192904336266592 
1.0819999999999916 7.650895372438296 1.9157605127885249 
1.0829999999999915 7.657966440250162 1.9122207853003905 
1.0839999999999914 7.665037508062027 1.908671251162256 
1.0849999999999913 7.672108575873892 1.9051119103741216 
1.0859999999999912 7.679179643685758 1.9015427629359873 
1.086999999999991 7.686250711497623 1.897963808847853 
1.087999999999991 7.693321779309488 1.8943750481097186 
1.0889999999999909 7.700392847121353 1.890776480721584 
1.0899999999999908 7.707463914933219 1.8871681066834498 
1.0909999999999906 7.714534982745084 1.8835499259953155 
1.0919999999999905 7.721606050556949 1.879921938657181 
1.0929999999999904 7.7286771183688145 1.8762841446690466 
1.0939999999999903 7.73574818618068 1.8726365440309123 
1.0949999999999902 7.742819253992545 1.868979136742778 
1.09599999999999 7.74989032180441 1.8653119228046435 
1.09699999999999 7.756961389616276 1.861634902216509 
1.0979999999999899 7.764032457428141 1.8579480749783748 
1.0989999999999898 7.771103525240006 1.8542514410902404 
1.0999999999999897 7.7781745930518715 1.850545000552106 
1.1009999999999895 7.785245660863737 1.8468287533639716 
1.1019999999999894 7.792316728675602 1.8431026995258373 
1.1029999999999893 7.799387796487467 1.839366839037703 
1.1039999999999892 7.806458864299333 1.8356211718995685 
1.104999999999989 7.813529932111198 1.831865698111434 
1.105999999999989 7.820600999923063 1.8281004176732996 
1.1069999999999889 7.8276720677349285 1.8243253305851652 
1.1079999999999888 7.834743135546794 1.8205404368470308 
1.1089999999999887 7.841814203358659 1.8167457364588964 
1.1099999999999886 7.848885271170524 1.8129412294207619 
1.1109999999999884 7.85595633898239 1.8091269157326275 
1.1119999999999883 7.863027406794255 1.8053027953944931 
1.1129999999999882 7.87009847460612 1.8014688684063587 
1.113999999999988 7.8771695424179855 1.7976251347682242 
1.114999999999988 7.884240610229851 1.7937715944800898 
1.115999999999988 7.891311678041716 1.7899082475419554 
1.1169999999999878 7.898382745853581 1.786035093953821 
1.1179999999999877 7.905453813665447 1.7821521337156865 
1.1189999999999876 7.912524881477312 1.7782593668275521 
1.1199999999999875 7.919595949289177 1.7743567932894178 
1.1209999999999873 7.9266670171010425 1.7704444131012833 
1.1219999999999872 7.933738084912908 1.7665222262631488 
1.1229999999999871 7.940809152724773 1.7625902327750145 
1.123999999999987 7.947880220536638 1.75864843263688 
1.124999999999987 7.954951288348504 1.7546968258487456 
1.1259999999999868 7.962022356160369 1.7507354124106111 
1.1269999999999867 7.969093423972234 1.7467641923224768 
1.1279999999999866 7.9761644917840995 1.7427831655843424 
1.1289999999999865 7.983235559595965 1.738792332196208 
1.1299999999999863 7.99030662740783 1.7347916921580735 
1.1309999999999862 7.997377695219695 1.7307812454699392 
1.1319999999999861 8.004448763031561 1.7267609921318048 
1.132999999999986 8.011519830843428 1.7227309321436703 
1.133999999999986 8.018590898655294 1.7186910655055359 
1.1349999999999858 8.02566196646716 1.7146413922174015 
1.1359999999999857 8.032733034279026 1.7105819122792671 
1.1369999999999856 8.039804102090892 1.7065126256911327 
1.1379999999999855 8.046875169902759 1.7024335324529982 
1.1389999999999854 8.053946237714625 1.698344632564864 
1.1399999999999852 8.06101730552649 1.6942459260267295 
1.1409999999999851 8.068088373338357 1.690137412838595 
1.141999999999985 8.075159441150223 1.6860190930004606 
1.142999999999985 8.08223050896209 1.6818909665123263 
1.1439999999999848 8.089301576773956 1.677753033374192 
1.1449999999999847 8.096372644585822 1.6736052935860575 
1.1459999999999846 8.103443712397688 1.669447747147923 
1.1469999999999845 8.110514780209554 1.6652803940597887 
1.1479999999999844 8.11758584802142 1.6611032343216543 
1.1489999999999843 8.124656915833286 1.6569162679335199 
1.1499999999999841 8.131727983645153 1.6527194948953854 
1.150999999999984 8.138799051457019 1.648512915207251 
1.151999999999984 8.145870119268885 1.6442965288691167 
1.1529999999999838 8.152941187080751 1.6400703358809823 
1.1539999999999837 8.160012254892617 1.6358343362428478 
1.1549999999999836 8.167083322704483 1.6315885299547135 
1.1559999999999835 8.17415439051635 1.6273329170165791 
1.1569999999999834 8.181225458328216 1.6230674974284447 
1.1579999999999833 8.188296526140082 1.6187922711903102 
1.1589999999999832 8.195367593951948 1.614507238302176 
1.159999999999983 8.202438661763814 1.6102123987640415 
1.160999999999983 8.20950972957568 1.6059077525759071 
1.1619999999999828 8.216580797387547 1.6015932997377726 
1.1629999999999827 8.223651865199413 1.5972690402496383 
1.1639999999999826 8.230722933011279 1.592934974111504 
1.1649999999999825 8.237794000823145 1.5885911013233696 
1.1659999999999824 8.244865068635011 1.584237421885235 
1.1669999999999823 8.251936136446878 1.5798739357971008 
1.1679999999999822 8.259007204258744 1.5755006430589664 
1.168999999999982 8.26607827207061 1.571117543670832 
1.169999999999982 8.273149339882476 1.5667246376326975 
1.1709999999999818 8.280220407694342 1.5623219249445632 
1.1719999999999817 8.287291475506208 1.5579094056064289 
1.1729999999999816 8.294362543318075 1.5534870796182945 
1.1739999999999815 8.30143361112994 1.54905494698016 
1.1749999999999814 8.308504678941807 1.5446130076920257 
1.1759999999999813 8.315575746753673 1.5401612617538913 
1.1769999999999812 8.32264681456554 1.535699709165757 
1.177999999999981 8.329717882377405 1.5312283499276225 
1.178999999999981 8.336788950189272 1.5267471840394882 
1.1799999999999808 8.343860018001138 1.5222562115013538 
1.1809999999999807 8.350931085813004 1.5177554323132194 
1.1819999999999806 8.35800215362487 1.513244846475085 
1.1829999999999805 8.365073221436736 1.5087244539869507 
1.1839999999999804 8.372144289248602 1.5041942548488163 
1.1849999999999803 8.379215357060469 1.499654249060682 
1.1859999999999802 8.386286424872335 1.4951044366225474 
1.18699999999998 8.393357492684201 1.4905448175344131 
1.18799999999998 8.400428560496067 1.4859753917962788 
1.1889999999999799 8.407499628307933 1.4813961594081444 
1.1899999999999797 8.4145706961198 1.47680712037001 
1.1909999999999796 8.421641763931666 1.4722082746818757 
1.1919999999999795 8.428712831743532 1.4675996223437413 
1.1929999999999794 8.435783899555398 1.462981163355607 
1.1939999999999793 8.442854967367264 1.4583528977174725 
1.1949999999999792 8.44992603517913 1.4537148254293382 
1.195999999999979 8.456997102990996 1.4490669464912038 
1.196999999999979 8.464068170802863 1.4444092609030694 
1.1979999999999789 8.471139238614729 1.439741768664935 
1.1989999999999787 8.478210306426595 1.4350644697768007 
1.1999999999999786 8.485281374238461 1.4303773642386663 
1.2009999999999785 8.492352442050327 1.425680452050532 
1.2019999999999784 8.499423509862194 1.4209737332123975 
1.2029999999999783 8.50649457767406 1.4162572077242632 
1.2039999999999782 8.513565645485926 1.4115308755861289 
1.204999999999978 8.520636713297792 1.4067947367979945 
1.205999999999978 8.527707781109658 1.40204879135986 
1.2069999999999779 8.534778848921524 1.3972930392717258 
1.2079999999999778 8.54184991673339 1.3925274805335914 
1.2089999999999776 8.548920984545257 1.387752115145457 
1.2099999999999775 8.555992052357123 1.3829669431073226 
1.2109999999999774 8.563063120168989 1.3781719644191883 
1.2119999999999773 8.570134187980855 1.373367179081054 
1.2129999999999772 8.577205255792721 1.3685525870929196 
1.213999999999977 8.584276323604588 1.3637281884547852 
1.214999999999977 8.591347391416454 1.3588939831666509 
1.2159999999999769 8.59841845922832 1.3540499712285166 
1.2169999999999768 8.605489527040186 1.3491961526403822 
1.2179999999999767 8.612560594852052 1.3443325274022477 
1.2189999999999765 8.619631662663918 1.3394590955141135 
1.2199999999999764 8.626702730475785 1.3345758569759791 
1.2209999999999763 8.63377379828765 1.3296828117878448 
1.2219999999999762 8.640844866099517 1.3247799599497103 
1.222999999999976 8.647915933911383 1.319867301461576 
1.223999999999976 8.65498700172325 1.3149448363234417 
1.2249999999999759 8.662058069535115 1.3100125645353073 
1.2259999999999758 8.669129137346982 1.305070486097173 
1.2269999999999757 8.676200205158848 1.3001186010090386 
1.2279999999999756 8.683271272970714 1.2951569092709043 
1.2289999999999754 8.69034234078258 1.29018541088277 
1.2299999999999753 8.697413408594446 1.2852041058446355 
1.2309999999999752 8.704484476406313 1.2802129941565012 
1.2319999999999751 8.711555544218179 1.275212075818367 
1.232999999999975 8.718626612030045 1.2702013508302326 
1.233999999999975 8.725697679841911 1.2651808191920981 
1.2349999999999748 8.732768747653777 1.2601504809039636 
1.2359999999999747 8.739839815465643 1.2551103359658293 
1.2369999999999746 8.74691088327751 1.250060384377695 
1.2379999999999745 8.753981951089376 1.2450006261395605 
1.2389999999999743 8.761053018901242 1.239931061251426 
1.2399999999999742 8.768124086713108 1.2348516897132917 
1.2409999999999741 8.775195154524974 1.2297625115251574 
1.241999999999974 8.78226622233684 1.224663526687023 
1.242999999999974 8.789337290148707 1.2195547351988885 
1.2439999999999738 8.796408357960573 1.2144361370607542 
1.2449999999999737 8.803479425772439 1.2093077322726198 
1.2459999999999736 8.810550493584305 1.2041695208344854 
1.2469999999999735 8.817621561396171 1.1990215027463509 
1.2479999999999734 8.824692629208037 1.1938636780082166 
1.2489999999999732 8.831763697019904 1.1886960466200822 
1.2499999999999731 8.83883476483177 1.1835186085819478 
1.250999999999973 8.845905832643636 1.1783313638938133 
1.251999999999973 8.852976900455502 1.173134312555679 
1.2529999999999728 8.860047968267368 1.1679274545675447 
1.2539999999999727 8.867119036079234 1.1627107899294102 
1.2549999999999726 8.8741901038911 1.1574843186412758 
1.2559999999999725 8.881261171702967 1.1522480407031415 
1.2569999999999724 8.888332239514833 1.147001956115007 
1.2579999999999723 8.8954033073267 1.1417460648768727 
1.2589999999999721 8.902474375138565 1.1364803669887382 
1.259999999999972 8.909545442950431 1.131204862450604 
1.260999999999972 8.916616510762298 1.1259195512624696 
1.2619999999999718 8.923687578574164 1.1206244334243352 
1.2629999999999717 8.93075864638603 1.1153195089362007 
1.2639999999999716 8.937829714197896 1.1100047777980664 
1.2649999999999715 8.944900782009762 1.104680240009932 
1.2659999999999714 8.951971849821629 1.0993458955717976 
1.2669999999999713 8.959042917633495 1.0940017444836632 
1.2679999999999712 8.96611398544536 1.0886477867455289 
1.268999999999971 8.973185053257227 1.0832840223573945 
1.269999999999971 8.980256121069093 1.07791045131926 
1.2709999999999708 8.98732718888096 1.0725270736311256 
1.2719999999999707 8.994398256692826 1.0671338892929914 
1.2729999999999706 9.001469324504692 1.061730898304857 
1.2739999999999705 9.008540392316558 1.0563181006667226 
1.2749999999999704 9.015611460128424 1.0508954963785881 
1.2759999999999703 9.02268252794029 1.0454630854404539 
1.2769999999999702 9.029753595752156 1.0400208678523195 
1.27799999999997 9.036824663564023 1.034568843614185 
1.27899999999997 9.043895731375889 1.0291070127260507 
1.2799999999999698 9.050966799187755 1.0236353751879164 
1.2809999999999697 9.058037866999621 1.018153930999782 
1.2819999999999696 9.065108934811487 1.0126626801616476 
1.2829999999999695 9.072180002623353 1.0071616226735132 
1.2839999999999694 9.07925107043522 1.0016507585353789 
1.2849999999999693 9.086322138247086 0.9961300877472445 
1.2859999999999692 9.093393206058952 0.9905996103091101 
1.286999999999969 9.100464273870818 0.9850593262209758 
1.287999999999969 9.107535341682684 0.9795092354828414 
1.2889999999999688 9.11460640949455 0.9739493380947071 
1.2899999999999687 9.121677477306417 0.9683796340565727 
1.2909999999999686 9.128748545118283 0.9628001233684383 
1.2919999999999685 9.135819612930149 0.957210806030304 
1.2929999999999684 9.142890680742015 0.9516116820421696 
1.2939999999999683 9.149961748553881 0.9460027514040352 
1.2949999999999682 9.157032816365748 0.9403840141159009 
1.295999999999968 9.164103884177614 0.9347554701777665 
1.296999999999968 9.17117495198948 0.9291171195896322 
1.2979999999999678 9.178246019801346 0.9234689623514978 
1.2989999999999677 9.185317087613212 0.9178109984633634 
1.2999999999999676 9.192388155425078 0.9121432279252291 
1.3009999999999675 9.199459223236945 0.9064656507370947 
1.3019999999999674 9.20653029104881 0.9007782668989603 
1.3029999999999673 9.213601358860677 0.895081076410826 
1.3039999999999672 9.220672426672543 0.8893740792726916 
1.304999999999967 9.22774349448441 0.8836572754845573 
1.305999999999967 9.234814562296275 0.8779306650464229 
1.3069999999999669 9.241885630108142 0.8721942479582886 
1.3079999999999667 9.248956697920008 0.8664480242201542 
1.3089999999999666 9.256027765731874 0.8606919938320199 
1.3099999999999665 9.26309883354374 0.8549261567938855 
1.3109999999999664 9.270169901355606 0.8491505131057512 
1.3119999999999663 9.277240969167472 0.8433650627676168 
1.3129999999999662 9.284312036979339 0.8375698057794825 
1.313999999999966 9.291383104791205 0.8317647421413481 
1.314999999999966 9.298454172603071 0.8259498718532138 
1.3159999999999659 9.305525240414937 0.8201251949150794 
1.3169999999999658 9.312596308226803 0.8142907113269451 
1.3179999999999656 9.31966737603867 0.8084464210888107 
1.3189999999999655 9.326738443850536 0.8025923242006764 
1.3199999999999654 9.333809511662402 0.796728420662542 
1.3209999999999653 9.340880579474268 0.7908547104744077 
1.3219999999999652 9.347951647286134 0.7849711936362733 
1.322999999999965 9.355022715098 0.779077870148139 
1.323999999999965 9.362093782909866 0.7731747400100046 
1.3249999999999649 9.369164850721733 0.7672618032218703 
1.3259999999999648 9.376235918533599 0.761339059783736 
1.3269999999999647 9.383306986345465 0.7554065096956016 
1.3279999999999645 9.390378054157331 0.7494641529574673 
1.3289999999999644 9.397449121969197 0.743511989569333 
1.3299999999999643 9.404520189781064 0.7375500195311986 
1.3309999999999642 9.41159125759293 0.7315782428430643 
1.331999999999964 9.418662325404796 0.7255966595049299 
1.332999999999964 9.425733393216662 0.7196052695167956 
1.3339999999999639 9.432804461028528 0.7136040728786612 
1.3349999999999638 9.439875528840394 0.7075930695905269 
1.3359999999999637 9.44694659665226 0.7015722596523926 
1.3369999999999636 9.454017664464127 0.6955416430642583 
1.3379999999999634 9.461088732275993 0.6895012198261239 
1.3389999999999633 9.468159800087859 0.6834509899379896 
1.3399999999999632 9.475230867899725 0.6773909533998552 
1.340999999999963 9.482301935711591 0.6713211102117209 
1.341999999999963 9.489373003523458 0.6652414603735866 
1.342999999999963 9.496444071335324 0.6591520038854523 
1.3439999999999628 9.50351513914719 0.6530527407473179 
1.3449999999999627 9.510586206959056 0.6469436709591836 
1.3459999999999626 9.517657274770922 0.6408247945210492 
1.3469999999999624 9.524728342582788 0.6346961114329149 
1.3479999999999623 9.531799410394655 0.6285576216947806 
1.3489999999999622 9.53887047820652 0.6224093253066463 
1.3499999999999621 9.545941546018387 0.6162512222685119 
1.350999999999962 9.553012613830253 0.6100833125803776 
1.351999999999962 9.56008368164212 0.6039055962422433 
1.3529999999999618 9.567154749453985 0.597718073254109 
1.3539999999999617 9.574225817265852 0.5915207436159746 
1.3549999999999616 9.581296885077718 0.5853136073278402 
1.3559999999999615 9.588367952889584 0.5790966643897059 
1.3569999999999613 9.59543902070145 0.5728699148015715 
1.3579999999999612 9.602510088513316 0.5666333585634371 
1.3589999999999611 9.609581156325183 0.5603869956753027 
1.359999999999961 9.616652224137049 0.5541308261371684 
1.360999999999961 9.623723291948915 0.547864849949034 
1.3619999999999608 9.630794359760781 0.5415890671108996 
1.3629999999999607 9.637865427572647 0.5353034776227652 
1.3639999999999606 9.644936495384513 0.5290080814846309 
1.3649999999999605 9.65200756319638 0.5227028786964965 
1.3659999999999604 9.659078631008246 0.5163878692583621 
1.3669999999999602 9.666149698820112 0.5100630531702277 
1.3679999999999601 9.673220766631978 0.5037284304320934 
1.36899999999996 9.680291834443844 0.497384001043959 
1.36999999999996 9.68736290225571 0.4910297650058247 
1.3709999999999598 9.694433970067577 0.48466572231769034 
1.3719999999999597 9.701505037879443 0.478291872979556 
1.3729999999999596 9.708576105691309 0.47190821699142166 
1.3739999999999595 9.715647173503175 0.4655147543532873 
1.3749999999999594 9.722718241315041 0.459111485065153 
1.3759999999999593 9.729789309126907 0.45269840912701864 
1.3769999999999591 9.736860376938774 0.4462755265388843 
1.377999999999959 9.74393144475064 0.43984283730074997 
1.378999999999959 9.751002512562506 0.43340034141261563 
1.3799999999999588 9.758073580374372 0.4269480388744813 
1.3809999999999587 9.765144648186238 0.42048592968634696 
1.3819999999999586 9.772215715998104 0.4140140138482126 
1.3829999999999585 9.77928678380997 0.4075322913600783 
1.3839999999999584 9.786357851621837 0.40104076222194396 
1.3849999999999583 9.793428919433703 0.3945394264338096 
1.3859999999999582 9.80049998724557 0.3880282839956753 
1.386999999999958 9.807571055057435 0.38150733490754096 
1.387999999999958 9.814642122869301 0.37497657916940663 
1.3889999999999578 9.821713190681168 0.3684360167812723 
1.3899999999999577 9.828784258493034 0.361885647743138 
1.3909999999999576 9.8358553263049 0.35532547205500364 
1.3919999999999575 9.842926394116766 0.3487554897168693 
1.3929999999999574 9.849997461928632 0.342175700728735 
1.3939999999999573 9.857068529740499 0.33558610509060066 
1.3949999999999572 9.864139597552365 0.32898670280246634 
1.395999999999957 9.87121066536423 0.322377493864332 
1.396999999999957 9.878281733176097 0.3157584782761977 
1.3979999999999568 9.885352800987963 0.30912965603806336 
1.3989999999999567 9.89242386879983 0.30249102714992904 
1.3999999999999566 9.899494936611696 0.2958425916117947 
1.4009999999999565 9.906566004423562 0.2891843494236604 
1.4019999999999564 9.913637072235428 0.28251630058552607 
1.4029999999999563 9.920708140047294 0.27583844509739175 
1.4039999999999562 9.92777920785916 0.26915078295925743 
1.404999999999956 9.934850275671026 0.2624533141711231 
1.405999999999956 9.941921343482893 0.2557460387329888 
1.4069999999999558 9.948992411294759 0.24902895664485444 
1.4079999999999557 9.956063479106625 0.2423020679067201 
1.4089999999999556 9.963134546918491 0.23556537251858575 
1.4099999999999555 9.970205614730357 0.2288188704804514 
1.4109999999999554 9.977276682542223 0.22206256179231706 
1.4119999999999553 9.98434775035409 0.21529644645418272 
1.4129999999999552 9.991418818165956 0.20852052446604838 
1.413999999999955 9.998489885977822 0.20173479582791404 
1.414999999999955 10.005560953789688 0.1949392605397797 
1.4159999999999549 10.012632021601554 0.18813391860164536 
1.4169999999999547 10.01970308941342 0.18131877001351102 
1.4179999999999546 10.026774157225287 0.17449381477537668 
1.4189999999999545 10.033845225037153 0.16765905288724234 
1.4199999999999544 10.040916292849019 0.160814484349108 
1.4209999999999543 10.047987360660885 0.15396010916097366 
1.4219999999999542 10.055058428472751 0.14709592732283933 
1.422999999999954 10.062129496284618 0.140221938834705 
1.423999999999954 10.069200564096484 0.13333814369657065 
1.4249999999999539 10.07627163190835 0.12644454190843632 
1.4259999999999537 10.083342699720216 0.11954113347030199 
1.4269999999999536 10.090413767532082 0.11262791838216765 
1.4279999999999535 10.097484835343948 0.10570489664403332 
1.4289999999999534 10.104555903155815 0.09877206825589899 
1.4299999999999533 10.11162697096768 0.09182943321776466 
1.4309999999999532 10.118698038779547 0.08487699152963032 
1.431999999999953 10.125769106591413 0.077914743191496 
1.432999999999953 10.13284017440328 0.07094268820336166 
1.4339999999999529 10.139911242215145 0.06396082656522734 
1.4349999999999528 10.146982310027012 0.056969158277093 
1.4359999999999526 10.154053377838878 0.049967683338958666 
1.4369999999999525 10.161124445650744 0.04295640175082433 
1.4379999999999524 10.16819551346261 0.03593531351269 
1.4389999999999523 10.175266581274476 0.028904418624555662 
1.4399999999999522 10.182337649086342 0.021863717086421326 
1.440999999999952 10.189408716898209 0.014813208898286991 
1.441999999999952 10.196479784710075 0.007752894060152657 
1.4429999999999519 10.203550852521941 0.0006827725720183224 
1.4439999999999518 10.210621920333807 -0.0063971555661160116 
